120	600	1.172322702E+03	4.516400430E-02	2.927719814E-05	1.081505543E+02	268567	904.5	0.2284
120	601	1.172373860E+03	4.523377308E-02	2.931114975E-05	1.079330543E+02	269739	905	0.2281
120	602	1.172428130E+03	4.530355425E-02	2.934509787E-05	1.077165826E+02	270911	905.4	0.2277
120	603	1.172485468E+03	4.537334740E-02	2.937904230E-05	1.075011309E+02	272084	905.9	0.2274
120	604	1.172545829E+03	4.544315211E-02	2.941298283E-05	1.072866912E+02	273256	906.3	0.227
120	605	1.172609171E+03	4.551296798E-02	2.944691923E-05	1.070732553E+02	274429	906.8	0.2267
120	606	1.172675452E+03	4.558279462E-02	2.948085131E-05	1.068608153E+02	275602	907.2	0.2264
120	607	1.172744629E+03	4.565263163E-02	2.951477885E-05	1.066493632E+02	276774	907.7	0.226
120	608	1.172816662E+03	4.572247863E-02	2.954870166E-05	1.064388914E+02	277947	908.1	0.2257
120	609	1.172891509E+03	4.579233524E-02	2.958261953E-05	1.062293921E+02	279120	908.6	0.2253
120	610	1.172969132E+03	4.586220107E-02	2.961653228E-05	1.060208578E+02	280293	909	0.225
120	611	1.173049490E+03	4.593207577E-02	2.965043972E-05	1.058132808E+02	281466	909.5	0.2247
120	612	1.173132546E+03	4.600195896E-02	2.968434164E-05	1.056066537E+02	282639	909.9	0.2244
120	613	1.173218260E+03	4.607185028E-02	2.971823786E-05	1.054009692E+02	283812	910.4	0.224
120	614	1.173306596E+03	4.614174938E-02	2.975212821E-05	1.051962201E+02	284985	910.8	0.2237
120	615	1.173397515E+03	4.621165591E-02	2.978601250E-05	1.049923991E+02	286159	911.3	0.2234
120	616	1.173490982E+03	4.628156952E-02	2.981989056E-05	1.047894990E+02	287332	911.7	0.2231
120	617	1.173586960E+03	4.635148987E-02	2.985376220E-05	1.045875130E+02	288506	912.2	0.2227
120	618	1.173685414E+03	4.642141661E-02	2.988762725E-05	1.043864340E+02	289679	912.6	0.2224
120	619	1.173786310E+03	4.649134943E-02	2.992148555E-05	1.041862551E+02	290853	913.1	0.2221
120	620	1.173889611E+03	4.656128799E-02	2.995533693E-05	1.039869695E+02	292027	913.5	0.2218
120	621	1.173995285E+03	4.663123196E-02	2.998918122E-05	1.037885705E+02	293201	914	0.2215
120	622	1.174103298E+03	4.670118103E-02	3.002301826E-05	1.035910515E+02	294375	914.4	0.2212
120	623	1.174213616E+03	4.677113489E-02	3.005684789E-05	1.033944059E+02	295549	914.9	0.2209
120	624	1.174326208E+03	4.684109321E-02	3.009066995E-05	1.031986270E+02	296723	915.3	0.2206
120	625	1.174441041E+03	4.691105570E-02	3.012448430E-05	1.030037086E+02	297898	915.8	0.2203
120	626	1.174558083E+03	4.698102205E-02	3.015829077E-05	1.028096442E+02	299072	916.2	0.22
120	627	1.174677304E+03	4.705099197E-02	3.019208921E-05	1.026164275E+02	300247	916.6	0.2197
120	628	1.174798671E+03	4.712096515E-02	3.022587948E-05	1.024240523E+02	301422	917.1	0.2194
120	629	1.174922156E+03	4.719094130E-02	3.025966143E-05	1.022325124E+02	302596	917.5	0.2191
120	630	1.175047728E+03	4.726092015E-02	3.029343492E-05	1.020418016E+02	303771	918	0.2188
120	631	1.175175357E+03	4.733090140E-02	3.032719980E-05	1.018519141E+02	304947	918.4	0.2185
120	632	1.175305014E+03	4.740088478E-02	3.036095595E-05	1.016628436E+02	306122	918.9	0.2182
120	633	1.175436672E+03	4.747087001E-02	3.039470321E-05	1.014745845E+02	307297	919.3	0.2179
120	634	1.175570300E+03	4.754085681E-02	3.042844145E-05	1.012871307E+02	308473	919.8	0.2176
120	635	1.175705872E+03	4.761084493E-02	3.046217055E-05	1.011004765E+02	309648	920.2	0.2173
120	636	1.175843360E+03	4.768083408E-02	3.049589037E-05	1.009146162E+02	310824	920.6	0.217
120	637	1.175982736E+03	4.775082402E-02	3.052960078E-05	1.007295441E+02	312000	921.1	0.2168
120	638	1.176123975E+03	4.782081448E-02	3.056330165E-05	1.005452545E+02	313176	921.5	0.2165
120	639	1.176267048E+03	4.789080520E-02	3.059699286E-05	1.003617420E+02	314352	922	0.2162
120	640	1.176411931E+03	4.796079594E-02	3.063067429E-05	1.001790009E+02	315529	922.4	0.2159
120	641	1.176558598E+03	4.803078645E-02	3.066434581E-05	9.999702593E+01	316705	922.9	0.2156
120	642	1.176707023E+03	4.810077648E-02	3.069800731E-05	9.981581161E+01	317882	923.3	0.2154
120	643	1.176857181E+03	4.817076578E-02	3.073165866E-05	9.963535263E+01	319058	923.7	0.2151
120	644	1.177009048E+03	4.824075413E-02	3.076529975E-05	9.945564369E+01	320235	924.2	0.2148
120	645	1.177162598E+03	4.831074128E-02	3.079893047E-05	9.927667957E+01	321413	924.6	0.2145
120	646	1.177317809E+03	4.838072699E-02	3.083255071E-05	9.909845509E+01	322590	925.1	0.2143
120	647	1.177474656E+03	4.845071105E-02	3.086616035E-05	9.892096512E+01	323767	925.5	0.214
120	648	1.177633116E+03	4.852069321E-02	3.089975928E-05	9.874420460E+01	324945	925.9	0.2137
120	649	1.177793166E+03	4.859067327E-02	3.093334740E-05	9.856816850E+01	326122	926.4	0.2135
120	650	1.177954783E+03	4.866065099E-02	3.096692460E-05	9.839285185E+01	327300	926.8	0.2132
120	651	1.178117945E+03	4.873062616E-02	3.100049077E-05	9.821824971E+01	328478	927.2	0.2129
120	652	1.178282629E+03	4.880059855E-02	3.103404582E-05	9.804435723E+01	329657	927.7	0.2127
120	653	1.178448813E+03	4.887056797E-02	3.106758965E-05	9.787116955E+01	330835	928.1	0.2124
120	654	1.178616476E+03	4.894053420E-02	3.110112214E-05	9.769868191E+01	332013	928.6	0.2122
120	655	1.178785597E+03	4.901049702E-02	3.113464322E-05	9.752688958E+01	333192	929	0.2119
120	656	1.178956154E+03	4.908045624E-02	3.116815277E-05	9.735578786E+01	334371	929.4	0.2117
120	657	1.179128127E+03	4.915041165E-02	3.120165070E-05	9.718537210E+01	335550	929.9	0.2114
120	658	1.179301496E+03	4.922036305E-02	3.123513693E-05	9.701563773E+01	336729	930.3	0.2111
120	659	1.179476239E+03	4.929031025E-02	3.126861136E-05	9.684658017E+01	337909	930.7	0.2109
120	660	1.179652337E+03	4.936025304E-02	3.130207389E-05	9.667819492E+01	339088	931.2	0.2106
120	661	1.179829771E+03	4.943019124E-02	3.133552444E-05	9.651047751E+01	340268	931.6	0.2104
120	662	1.180008520E+03	4.950012466E-02	3.136896292E-05	9.634342352E+01	341448	932	0.2102
120	663	1.180188566E+03	4.957005311E-02	3.140238925E-05	9.617702858E+01	342628	932.5	0.2099
120	664	1.180369890E+03	4.963997640E-02	3.143580333E-05	9.601128833E+01	343808	932.9	0.2097
120	665	1.180552473E+03	4.970989435E-02	3.146920509E-05	9.584619847E+01	344989	933.3	0.2094
120	666	1.180736296E+03	4.977980677E-02	3.150259445E-05	9.568175476E+01	346169	933.8	0.2092
120	667	1.180921342E+03	4.984971350E-02	3.153597131E-05	9.551795298E+01	347350	934.2	0.2089
120	668	1.181107591E+03	4.991961436E-02	3.156933560E-05	9.535478893E+01	348531	934.6	0.2087
120	669	1.181295028E+03	4.998950916E-02	3.160268725E-05	9.519225849E+01	349712	935	0.2085
120	670	1.181483633E+03	5.005939774E-02	3.163602617E-05	9.503035756E+01	350894	935.5	0.2082
120	671	1.181673389E+03	5.012927992E-02	3.166935229E-05	9.486908206E+01	352075	935.9	0.208
120	672	1.181864281E+03	5.019915555E-02	3.170266553E-05	9.470842798E+01	353257	936.3	0.2077
120	673	1.182056289E+03	5.026902445E-02	3.173596582E-05	9.454839133E+01	354439	936.8	0.2075
120	674	1.182249399E+03	5.033888646E-02	3.176925308E-05	9.438896816E+01	355621	937.2	0.2073
120	675	1.182443593E+03	5.040874143E-02	3.180252725E-05	9.423015455E+01	356804	937.6	0.207
120	676	1.182638855E+03	5.047858918E-02	3.183578825E-05	9.407194662E+01	357986	938	0.2068
120	677	1.182835170E+03	5.054842956E-02	3.186903602E-05	9.391434053E+01	359169	938.5	0.2066
120	678	1.183032520E+03	5.061826242E-02	3.190227048E-05	9.375733247E+01	360352	938.9	0.2064
120	679	1.183230892E+03	5.068808760E-02	3.193549157E-05	9.360091867E+01	361535	939.3	0.2061
120	680	1.183430268E+03	5.075790495E-02	3.196869923E-05	9.344509539E+01	362718	939.7	0.2059
120	681	1.183630634E+03	5.082771432E-02	3.200189338E-05	9.328985892E+01	363902	940.2	0.2057
120	682	1.183831975E+03	5.089751557E-02	3.203507396E-05	9.313520559E+01	365086	940.6	0.2055
120	683	1.184034276E+03	5.096730854E-02	3.206824091E-05	9.298113176E+01	366269	941	0.2052
120	684	1.184237522E+03	5.103709309E-02	3.210139418E-05	9.282763383E+01	367454	941.4	0.205
120	685	1.184441699E+03	5.110686908E-02	3.213453368E-05	9.267470821E+01	368638	941.9	0.2048
120	686	1.184646792E+03	5.117663636E-02	3.216765938E-05	9.252235137E+01	369822	942.3	0.2046
120	687	1.184852788E+03	5.124639481E-02	3.220077120E-05	9.237055979E+01	371007	942.7	0.2044
120	688	1.185059671E+03	5.131614428E-02	3.223386909E-05	9.221933001E+01	372192	943.1	0.2041
120	689	1.185267429E+03	5.138588463E-02	3.226695299E-05	9.206865855E+01	373377	943.6	0.2039
120	690	1.185476047E+03	5.145561573E-02	3.230002285E-05	9.191854201E+01	374563	944	0.2037
120	691	1.185685513E+03	5.152533745E-02	3.233307861E-05	9.176897700E+01	375748	944.4	0.2035
120	692	1.185895812E+03	5.159504966E-02	3.236612022E-05	9.161996016E+01	376934	944.8	0.2033
120	693	1.186106932E+03	5.166475223E-02	3.239914762E-05	9.147148816E+01	378120	945.2	0.2031
120	694	1.186318860E+03	5.173444502E-02	3.243216075E-05	9.132355770E+01	379306	945.7	0.2029
120	695	1.186531583E+03	5.180412792E-02	3.246515958E-05	9.117616550E+01	380493	946.1	0.2027
120	696	1.186745088E+03	5.187380080E-02	3.249814404E-05	9.102930832E+01	381679	946.5	0.2025
120	697	1.186959363E+03	5.194346354E-02	3.253111409E-05	9.088298295E+01	382866	946.9	0.2022
120	698	1.187174395E+03	5.201311601E-02	3.256406968E-05	9.073718619E+01	384053	947.3	0.202
120	699	1.187390172E+03	5.208275810E-02	3.259701075E-05	9.059191489E+01	385241	947.7	0.2018
120	700	1.187606682E+03	5.215238968E-02	3.262993727E-05	9.044716592E+01	386428	948.2	0.2016
120	701	1.187823913E+03	5.222201064E-02	3.266284919E-05	9.030293616E+01	387616	948.6	0.2014
120	702	1.188041853E+03	5.229162086E-02	3.269574645E-05	9.015922254E+01	388804	949	0.2012
120	703	1.188260491E+03	5.236122023E-02	3.272862901E-05	9.001602200E+01	389992	949.4	0.201
120	704	1.188479815E+03	5.243080864E-02	3.276149684E-05	8.987333151E+01	391180	949.8	0.2008
120	705	1.188699813E+03	5.250038597E-02	3.279434988E-05	8.973114807E+01	392369	950.2	0.2006
120	706	1.188920476E+03	5.256995211E-02	3.282718809E-05	8.958946871E+01	393558	950.6	0.2004
120	707	1.189141790E+03	5.263950696E-02	3.286001144E-05	8.944829047E+01	394747	951	0.2002
120	708	1.189363746E+03	5.270905040E-02	3.289281987E-05	8.930761042E+01	395936	951.5	0.2
120	709	1.189586333E+03	5.277858234E-02	3.292561335E-05	8.916742566E+01	397125	951.9	0.1998
120	710	1.189809539E+03	5.284810266E-02	3.295839184E-05	8.902773332E+01	398315	952.3	0.1996
120	711	1.190033355E+03	5.291761127E-02	3.299115530E-05	8.888853053E+01	399505	952.7	0.1994
120	712	1.190257770E+03	5.298710805E-02	3.302390369E-05	8.874981446E+01	400695	953.1	0.1992
120	713	1.190482773E+03	5.305659291E-02	3.305663698E-05	8.861158232E+01	401886	953.5	0.1991
120	714	1.190708354E+03	5.312606575E-02	3.308935512E-05	8.847383131E+01	403076	953.9	0.1989
120	715	1.190934504E+03	5.319552648E-02	3.312205807E-05	8.833655867E+01	404267	954.3	0.1987
120	716	1.191161212E+03	5.326497498E-02	3.315474581E-05	8.819976166E+01	405458	954.7	0.1985
120	717	1.191388468E+03	5.333441117E-02	3.318741830E-05	8.806343757E+01	406649	955.1	0.1983
120	718	1.191616263E+03	5.340383495E-02	3.322007550E-05	8.792758370E+01	407841	955.5	0.1981
120	719	1.191844587E+03	5.347324623E-02	3.325271739E-05	8.779219738E+01	409032	956	0.1979
120	720	1.192073431E+03	5.354264491E-02	3.328534391E-05	8.765727596E+01	410224	956.4	0.1977
120	721	1.192302785E+03	5.361203091E-02	3.331795506E-05	8.752281682E+01	411417	956.8	0.1976
120	722	1.192532640E+03	5.368140412E-02	3.335055078E-05	8.738881733E+01	412609	957.2	0.1974
120	723	1.192762986E+03	5.375076447E-02	3.338313105E-05	8.725527492E+01	413802	957.6	0.1972
120	724	1.192993815E+03	5.382011187E-02	3.341569584E-05	8.712218702E+01	414995	958	0.197
120	725	1.193225118E+03	5.388944621E-02	3.344824513E-05	8.698955109E+01	416188	958.4	0.1968
120	726	1.193456885E+03	5.395876743E-02	3.348077887E-05	8.685736459E+01	417381	958.8	0.1966
120	727	1.193689109E+03	5.402807544E-02	3.351329704E-05	8.672562503E+01	418575	959.2	0.1965
120	728	1.193921780E+03	5.409737014E-02	3.354579961E-05	8.659432992E+01	419768	959.6	0.1963
120	729	1.194154889E+03	5.416665147E-02	3.357828656E-05	8.646347679E+01	420962	960	0.1961
120	730	1.194388430E+03	5.423591933E-02	3.361075785E-05	8.633306320E+01	422157	960.4	0.1959
120	731	1.194622392E+03	5.430517364E-02	3.364321346E-05	8.620308673E+01	423351	960.8	0.1957
120	732	1.194856768E+03	5.437441433E-02	3.367565337E-05	8.607354496E+01	424546	961.2	0.1956
120	733	1.195091550E+03	5.444364131E-02	3.370807754E-05	8.594443551E+01	425741	961.6	0.1954
120	734	1.195326729E+03	5.451285451E-02	3.374048596E-05	8.581575601E+01	426936	962	0.1952
120	735	1.195562298E+03	5.458205385E-02	3.377287859E-05	8.568750411E+01	428132	962.4	0.195
120	736	1.195798248E+03	5.465123926E-02	3.380525542E-05	8.555967747E+01	429327	962.8	0.1949
120	737	1.196034573E+03	5.472041065E-02	3.383761642E-05	8.543227378E+01	430523	963.2	0.1947
120	738	1.196271263E+03	5.478956796E-02	3.386996156E-05	8.530529075E+01	431719	963.6	0.1945
120	739	1.196508313E+03	5.485871110E-02	3.390229083E-05	8.517872609E+01	432916	964	0.1944
120	740	1.196745713E+03	5.492784002E-02	3.393460420E-05	8.505257755E+01	434112	964.4	0.1942
120	741	1.196983457E+03	5.499695463E-02	3.396690165E-05	8.492684288E+01	435309	964.7	0.194
120	742	1.197221538E+03	5.506605487E-02	3.399918316E-05	8.480151986E+01	436506	965.1	0.1938
120	743	1.197459947E+03	5.513514066E-02	3.403144870E-05	8.467660627E+01	437704	965.5	0.1937
120	744	1.197698679E+03	5.520421194E-02	3.406369827E-05	8.455209993E+01	438901	965.9	0.1935
120	745	1.197937725E+03	5.527326863E-02	3.409593183E-05	8.442799866E+01	440099	966.3	0.1933
120	746	1.198177079E+03	5.534231068E-02	3.412814937E-05	8.430430029E+01	441297	966.7	0.1932
120	747	1.198416733E+03	5.541133801E-02	3.416035087E-05	8.418100270E+01	442495	967.1	0.193
120	748	1.198656682E+03	5.548035056E-02	3.419253631E-05	8.405810375E+01	443694	967.5	0.1929
120	749	1.198896918E+03	5.554934827E-02	3.422470568E-05	8.393560132E+01	444893	967.9	0.1927
120	750	1.199137434E+03	5.561833106E-02	3.425685895E-05	8.381349334E+01	446092	968.3	0.1925
120	751	1.199378224E+03	5.568729888E-02	3.428899611E-05	8.369177772E+01	447291	968.7	0.1924
120	752	1.199619281E+03	5.575625166E-02	3.432111714E-05	8.357045239E+01	448491	969	0.1922
120	753	1.199860600E+03	5.582518935E-02	3.435322203E-05	8.344951531E+01	449690	969.4	0.192
120	754	1.200102172E+03	5.589411187E-02	3.438531076E-05	8.332896445E+01	450890	969.8	0.1919
120	755	1.200343993E+03	5.596301918E-02	3.441738331E-05	8.320879779E+01	452090	970.2	0.1917
120	756	1.200586055E+03	5.603191121E-02	3.444943967E-05	8.308901333E+01	453291	970.6	0.1916
120	757	1.200828354E+03	5.610078790E-02	3.448147982E-05	8.296960908E+01	454492	971	0.1914
120	758	1.201070881E+03	5.616964919E-02	3.451350375E-05	8.285058307E+01	455693	971.4	0.1912
120	759	1.201313633E+03	5.623849503E-02	3.454551145E-05	8.273193334E+01	456894	971.8	0.1911
120	760	1.201556601E+03	5.630732537E-02	3.457750291E-05	8.261365795E+01	458095	972.1	0.1909
120	761	1.201799782E+03	5.637614013E-02	3.460947810E-05	8.249575497E+01	459297	972.5	0.1908
120	762	1.202043168E+03	5.644493928E-02	3.464143702E-05	8.237822249E+01	460499	972.9	0.1906
120	763	1.202286754E+03	5.651372276E-02	3.467337965E-05	8.226105860E+01	461701	973.3	0.1905
120	764	1.202530534E+03	5.658249050E-02	3.470530599E-05	8.214426142E+01	462903	973.7	0.1903
120	765	1.202774503E+03	5.665124246E-02	3.473721601E-05	8.202782907E+01	464106	974	0.1902
120	766	1.203018655E+03	5.671997859E-02	3.476910972E-05	8.191175970E+01	465309	974.4	0.19
120	767	1.203262984E+03	5.678869884E-02	3.480098709E-05	8.179605146E+01	466512	974.8	0.1899
120	768	1.203507486E+03	5.685740315E-02	3.483284812E-05	8.168070252E+01	467715	975.2	0.1897
120	769	1.203752154E+03	5.692609147E-02	3.486469280E-05	8.156571106E+01	468919	975.6	0.1896
120	770	1.203996984E+03	5.699476375E-02	3.489652112E-05	8.145107526E+01	470123	975.9	0.1894
120	771	1.204241970E+03	5.706341995E-02	3.492833306E-05	8.133679335E+01	471327	976.3	0.1893
120	772	1.204487106E+03	5.713206001E-02	3.496012863E-05	8.122286353E+01	472531	976.7	0.1891
120	773	1.204732388E+03	5.720068389E-02	3.499190780E-05	8.110928405E+01	473736	977.1	0.189
120	774	1.204977811E+03	5.726929155E-02	3.502367057E-05	8.099605314E+01	474941	977.5	0.1888
120	775	1.205223370E+03	5.733788292E-02	3.505541694E-05	8.088316906E+01	476146	977.8	0.1887
120	776	1.205469059E+03	5.740645798E-02	3.508714689E-05	8.077063009E+01	477351	978.2	0.1885
120	777	1.205714874E+03	5.747501666E-02	3.511886043E-05	8.065843450E+01	478557	978.6	0.1884
120	778	1.205960809E+03	5.754355893E-02	3.515055753E-05	8.054658060E+01	479763	979	0.1882
120	779	1.206206861E+03	5.761208475E-02	3.518223819E-05	8.043506668E+01	480969	979.3	0.1881
120	780	1.206453023E+03	5.768059407E-02	3.521390241E-05	8.032389106E+01	482175	979.7	0.1879
120	781	1.206699293E+03	5.774908684E-02	3.524555018E-05	8.021305208E+01	483382	980.1	0.1878
120	782	1.206945664E+03	5.781756302E-02	3.527718149E-05	8.010254808E+01	484589	980.4	0.1877
120	783	1.207192132E+03	5.788602258E-02	3.530879634E-05	7.999237740E+01	485796	980.8	0.1875
120	784	1.207438693E+03	5.795446547E-02	3.534039473E-05	7.988253843E+01	487003	981.2	0.1874
120	785	1.207685343E+03	5.802289164E-02	3.537197664E-05	7.977302952E+01	488211	981.6	0.1872
120	786	1.207932076E+03	5.809130107E-02	3.540354207E-05	7.966384908E+01	489418	981.9	0.1871
120	787	1.208178888E+03	5.815969370E-02	3.543509102E-05	7.955499549E+01	490626	982.3	0.187
120	788	1.208425776E+03	5.822806950E-02	3.546662349E-05	7.944646717E+01	491835	982.7	0.1868
120	789	1.208672734E+03	5.829642844E-02	3.549813946E-05	7.933826254E+01	493043	983	0.1867
120	790	1.208919759E+03	5.836477046E-02	3.552963894E-05	7.923038004E+01	494252	983.4	0.1865
120	791	1.209166846E+03	5.843309554E-02	3.556112192E-05	7.912281810E+01	495461	983.8	0.1864
120	792	1.209413991E+03	5.850140364E-02	3.559258840E-05	7.901557517E+01	496670	984.1	0.1863
120	793	1.209661190E+03	5.856969472E-02	3.562403837E-05	7.890864973E+01	497880	984.5	0.1861
120	794	1.209908439E+03	5.863796874E-02	3.565547183E-05	7.880204025E+01	499090	984.9	0.186
120	795	1.210155734E+03	5.870622567E-02	3.568688879E-05	7.869574521E+01	500300	985.2	0.1859
120	796	1.210403071E+03	5.877446548E-02	3.571828923E-05	7.858976310E+01	501510	985.6	0.1857
120	797	1.210650446E+03	5.884268812E-02	3.574967316E-05	7.848409243E+01	502721	986	0.1856
120	798	1.210897855E+03	5.891089356E-02	3.578104057E-05	7.837873173E+01	503931	986.3	0.1855
120	799	1.211145295E+03	5.897908178E-02	3.581239146E-05	7.827367951E+01	505142	986.7	0.1853
120	800	1.211392761E+03	5.904725273E-02	3.584372583E-05	7.816893430E+01	506354	987	0.1852
120	801	1.211640250E+03	5.911540639E-02	3.587504368E-05	7.806449466E+01	507565	987.4	0.1851
120	802	1.211887758E+03	5.918354272E-02	3.590634501E-05	7.796035914E+01	508777	987.8	0.1849
120	803	1.212135281E+03	5.925166168E-02	3.593762982E-05	7.785652631E+01	509989	988.1	0.1848
120	804	1.212382816E+03	5.931976326E-02	3.596889811E-05	7.775299473E+01	511201	988.5	0.1847
120	805	1.212630360E+03	5.938784741E-02	3.600014987E-05	7.764976300E+01	512414	988.9	0.1845
120	806	1.212877908E+03	5.945591410E-02	3.603138511E-05	7.754682971E+01	513626	989.2	0.1844
120	807	1.213125457E+03	5.952396331E-02	3.606260383E-05	7.744419345E+01	514839	989.6	0.1843
120	808	1.213373004E+03	5.959199501E-02	3.609380602E-05	7.734185285E+01	516053	989.9	0.1842
120	809	1.213620545E+03	5.966000916E-02	3.612499169E-05	7.723980652E+01	517266	990.3	0.184
120	810	1.213868077E+03	5.972800574E-02	3.615616084E-05	7.713805309E+01	518480	990.6	0.1839
120	811	1.214115596E+03	5.979598472E-02	3.618731348E-05	7.703659121E+01	519694	991	0.1838
120	812	1.214363100E+03	5.986394606E-02	3.621844959E-05	7.693541952E+01	520908	991.4	0.1836
120	813	1.214610584E+03	5.993188975E-02	3.624956919E-05	7.683453668E+01	522123	991.7	0.1835
120	814	1.214858047E+03	5.999981575E-02	3.628067227E-05	7.673394135E+01	523337	992.1	0.1834
120	815	1.215105483E+03	6.006772405E-02	3.631175884E-05	7.663363222E+01	524552	992.4	0.1833
120	816	1.215352892E+03	6.013561460E-02	3.634282890E-05	7.653360795E+01	525768	992.8	0.1831
120	817	1.215600268E+03	6.020348738E-02	3.637388245E-05	7.643386726E+01	526983	993.1	0.183
120	818	1.215847610E+03	6.027134238E-02	3.640491949E-05	7.633440883E+01	528199	993.5	0.1829
120	819	1.216094913E+03	6.033917956E-02	3.643594003E-05	7.623523137E+01	529415	993.8	0.1828
120	820	1.216342176E+03	6.040699889E-02	3.646694407E-05	7.613633361E+01	530631	994.2	0.1826
120	821	1.216589394E+03	6.047480036E-02	3.649793161E-05	7.603771427E+01	531847	994.5	0.1825
120	822	1.216836566E+03	6.054258394E-02	3.652890266E-05	7.593937208E+01	533064	994.9	0.1824
120	823	1.217083688E+03	6.061034960E-02	3.655985721E-05	7.584130578E+01	534281	995.2	0.1823
120	824	1.217330758E+03	6.067809733E-02	3.659079528E-05	7.574351413E+01	535498	995.6	0.1822
120	825	1.217577771E+03	6.074582709E-02	3.662171686E-05	7.564599588E+01	536716	995.9	0.182
120	826	1.217824727E+03	6.081353887E-02	3.665262197E-05	7.554874981E+01	537933	996.3	0.1819
120	827	1.218071621E+03	6.088123264E-02	3.668351060E-05	7.545177467E+01	539151	996.6	0.1818
120	828	1.218318451E+03	6.094890839E-02	3.671438275E-05	7.535506926E+01	540370	997	0.1817
120	829	1.218565215E+03	6.101656608E-02	3.674523845E-05	7.525863237E+01	541588	997.3	0.1816
120	830	1.218811909E+03	6.108420569E-02	3.677607767E-05	7.516246279E+01	542807	997.7	0.1814
120	831	1.219058532E+03	6.115182722E-02	3.680690045E-05	7.506655932E+01	544026	998	0.1813
120	832	1.219305079E+03	6.121943062E-02	3.683770676E-05	7.497092079E+01	545245	998.4	0.1812
120	833	1.219551550E+03	6.128701590E-02	3.686849664E-05	7.487554600E+01	546464	998.7	0.1811
120	834	1.219797941E+03	6.135458301E-02	3.689927007E-05	7.478043379E+01	547684	999	0.181
120	835	1.220044249E+03	6.142213195E-02	3.693002706E-05	7.468558300E+01	548904	999.4	0.1809
120	836	1.220290472E+03	6.148966270E-02	3.696076762E-05	7.459099246E+01	550124	999.7	0.1807
120	837	1.220536609E+03	6.155717523E-02	3.699149176E-05	7.449666102E+01	551344	1000	0.1806
120	838	1.220782655E+03	6.162466952E-02	3.702219947E-05	7.440258754E+01	552565	1000	0.1805
120	839	1.221028609E+03	6.169214557E-02	3.705289078E-05	7.430877088E+01	553786	1001	0.1804
120	840	1.221274469E+03	6.175960334E-02	3.708356568E-05	7.421520992E+01	555007	1001	0.1803
120	841	1.221520231E+03	6.182704282E-02	3.711422417E-05	7.412190353E+01	556229	1001	0.1802
120	842	1.221765894E+03	6.189446400E-02	3.714486628E-05	7.402885060E+01	557450	1002	0.1801
120	843	1.222011456E+03	6.196186686E-02	3.717549199E-05	7.393605002E+01	558672	1002	0.1799
120	844	1.222256913E+03	6.202925137E-02	3.720610132E-05	7.384350068E+01	559894	1002	0.1798
120	845	1.222502265E+03	6.209661752E-02	3.723669428E-05	7.375120149E+01	561117	1003	0.1797
120	846	1.222747508E+03	6.216396530E-02	3.726727088E-05	7.365915138E+01	562339	1003	0.1796
120	847	1.222992640E+03	6.223129469E-02	3.729783111E-05	7.356734924E+01	563562	1003	0.1795
120	848	1.223237660E+03	6.229860567E-02	3.732837499E-05	7.347579401E+01	564785	1004	0.1794
120	849	1.223482564E+03	6.236589823E-02	3.735890253E-05	7.338448462E+01	566009	1004	0.1793
120	850	1.223727351E+03	6.243317235E-02	3.738941373E-05	7.329342002E+01	567232	1004	0.1792
120	851	1.223972020E+03	6.250042802E-02	3.741990860E-05	7.320259913E+01	568456	1005	0.1791
120	852	1.224216566E+03	6.256766522E-02	3.745038715E-05	7.311202092E+01	569680	1005	0.179
120	853	1.224460990E+03	6.263488394E-02	3.748084938E-05	7.302168435E+01	570904	1005	0.1788
120	854	1.224705288E+03	6.270208416E-02	3.751129531E-05	7.293158837E+01	572129	1006	0.1787
120	855	1.224949458E+03	6.276926587E-02	3.754172495E-05	7.284173196E+01	573354	1006	0.1786
120	856	1.225193499E+03	6.283642905E-02	3.757213829E-05	7.275211409E+01	574579	1006	0.1785
120	857	1.225437409E+03	6.290357370E-02	3.760253535E-05	7.266273375E+01	575804	1007	0.1784
120	858	1.225681186E+03	6.297069979E-02	3.763291615E-05	7.257358993E+01	577030	1007	0.1783
120	859	1.225924827E+03	6.303780732E-02	3.766328067E-05	7.248468162E+01	578256	1007	0.1782
120	860	1.226168331E+03	6.310489627E-02	3.769362895E-05	7.239600782E+01	579482	1008	0.1781
120	861	1.226411696E+03	6.317196663E-02	3.772396098E-05	7.230756753E+01	580708	1008	0.178
120	862	1.226654920E+03	6.323901839E-02	3.775427677E-05	7.221935978E+01	581935	1008	0.1779
120	863	1.226898002E+03	6.330605153E-02	3.778457634E-05	7.213138358E+01	583161	1009	0.1778
120	864	1.227140939E+03	6.337306604E-02	3.781485968E-05	7.204363795E+01	584388	1009	0.1777
120	865	1.227383730E+03	6.344006192E-02	3.784512682E-05	7.195612193E+01	585616	1009	0.1776
120	866	1.227626372E+03	6.350703915E-02	3.787537776E-05	7.186883455E+01	586843	1010	0.1775
120	867	1.227868865E+03	6.357399771E-02	3.790561251E-05	7.178177486E+01	588071	1010	0.1774
120	868	1.228111207E+03	6.364093761E-02	3.793583109E-05	7.169494189E+01	589299	1010	0.1773
120	869	1.228353395E+03	6.370785882E-02	3.796603349E-05	7.160833471E+01	590527	1011	0.1772
120	870	1.228595428E+03	6.377476134E-02	3.799621973E-05	7.152195237E+01	591756	1011	0.1771
120	871	1.228837305E+03	6.384164515E-02	3.802638983E-05	7.143579394E+01	592984	1011	0.177
120	872	1.229079024E+03	6.390851025E-02	3.805654378E-05	7.134985848E+01	594213	1012	0.1769
120	873	1.229320583E+03	6.397535663E-02	3.808668160E-05	7.126414508E+01	595442	1012	0.1768
120	874	1.229561980E+03	6.404218428E-02	3.811680331E-05	7.117865281E+01	596672	1012	0.1767
120	875	1.229803215E+03	6.410899318E-02	3.814690891E-05	7.109338076E+01	597902	1013	0.1765
120	876	1.230044284E+03	6.417578333E-02	3.817699840E-05	7.100832801E+01	599131	1013	0.1764
120	877	1.230285188E+03	6.424255473E-02	3.820707182E-05	7.092349368E+01	600362	1013	0.1763
120	878	1.230525925E+03	6.430930735E-02	3.823712915E-05	7.083887685E+01	601592	1014	0.1762
120	879	1.230766492E+03	6.437604120E-02	3.826717042E-05	7.075447664E+01	602823	1014	0.1762
120	880	1.231006888E+03	6.444275626E-02	3.829719563E-05	7.067029215E+01	604054	1014	0.1761
120	881	1.231247113E+03	6.450945252E-02	3.832720480E-05	7.058632251E+01	605285	1015	0.176
120	882	1.231487164E+03	6.457612999E-02	3.835719794E-05	7.050256684E+01	606516	1015	0.1759
120	883	1.231727040E+03	6.464278865E-02	3.838717506E-05	7.041902426E+01	607748	1015	0.1758
120	884	1.231966740E+03	6.470942848E-02	3.841713616E-05	7.033569390E+01	608979	1016	0.1757
120	885	1.232206262E+03	6.477604950E-02	3.844708127E-05	7.025257492E+01	610212	1016	0.1756
120	886	1.232445604E+03	6.484265168E-02	3.847701039E-05	7.016966644E+01	611444	1016	0.1755
120	887	1.232684767E+03	6.490923503E-02	3.850692353E-05	7.008696761E+01	612676	1017	0.1754
120	888	1.232923747E+03	6.497579953E-02	3.853682071E-05	7.000447759E+01	613909	1017	0.1753
120	889	1.233162545E+03	6.504234518E-02	3.856670193E-05	6.992219553E+01	615142	1017	0.1752
120	890	1.233401158E+03	6.510887197E-02	3.859656721E-05	6.984012060E+01	616376	1017	0.1751
120	891	1.233639585E+03	6.517537990E-02	3.862641657E-05	6.975825196E+01	617609	1018	0.175
120	892	1.233877825E+03	6.524186895E-02	3.865625001E-05	6.967658878E+01	618843	1018	0.1749
120	893	1.234115877E+03	6.530833914E-02	3.868606754E-05	6.959513024E+01	620077	1018	0.1748
120	894	1.234353739E+03	6.537479044E-02	3.871586918E-05	6.951387552E+01	621311	1019	0.1747
120	895	1.234591411E+03	6.544122285E-02	3.874565493E-05	6.943282381E+01	622546	1019	0.1746
120	896	1.234828891E+03	6.550763637E-02	3.877542482E-05	6.935197429E+01	623780	1019	0.1745
120	897	1.235066177E+03	6.557403099E-02	3.880517885E-05	6.927132615E+01	625015	1020	0.1744
120	898	1.235303269E+03	6.564040671E-02	3.883491704E-05	6.919087861E+01	626250	1020	0.1743
120	899	1.235540166E+03	6.570676353E-02	3.886463940E-05	6.911063085E+01	627486	1020	0.1742
120	900	1.235776866E+03	6.577310143E-02	3.889434594E-05	6.903058210E+01	628722	1021	0.1741
120	901	1.236013368E+03	6.583942042E-02	3.892403667E-05	6.895073155E+01	629957	1021	0.1741
120	902	1.236249671E+03	6.590572048E-02	3.895371160E-05	6.887107843E+01	631194	1021	0.174
120	903	1.236485774E+03	6.597200162E-02	3.898337076E-05	6.879162196E+01	632430	1021	0.1739
120	904	1.236721676E+03	6.603826384E-02	3.901301414E-05	6.871236136E+01	633667	1022	0.1738
120	905	1.236957376E+03	6.610450712E-02	3.904264177E-05	6.863329587E+01	634903	1022	0.1737
120	906	1.237192873E+03	6.617073146E-02	3.907225366E-05	6.855442471E+01	636140	1022	0.1736
120	907	1.237428165E+03	6.623693687E-02	3.910184982E-05	6.847574713E+01	637378	1023	0.1735
120	908	1.237663252E+03	6.630312333E-02	3.913143026E-05	6.839726236E+01	638615	1023	0.1734
120	909	1.237898133E+03	6.636929085E-02	3.916099500E-05	6.831896966E+01	639853	1023	0.1733
120	910	1.238132806E+03	6.643543942E-02	3.919054405E-05	6.824086827E+01	641091	1024	0.1732
120	911	1.238367271E+03	6.650156904E-02	3.922007742E-05	6.816295745E+01	642329	1024	0.1731
120	912	1.238601527E+03	6.656767970E-02	3.924959513E-05	6.808523645E+01	643568	1024	0.1731
120	913	1.238835572E+03	6.663377141E-02	3.927909718E-05	6.800770455E+01	644807	1025	0.173
120	914	1.239069406E+03	6.669984415E-02	3.930858360E-05	6.793036100E+01	646045	1025	0.1729
120	915	1.239303028E+03	6.676589794E-02	3.933805440E-05	6.785320508E+01	647285	1025	0.1728
120	916	1.239536437E+03	6.683193276E-02	3.936750958E-05	6.777623607E+01	648524	1025	0.1727
120	917	1.239769631E+03	6.689794862E-02	3.939694917E-05	6.769945323E+01	649764	1026	0.1726
120	918	1.240002611E+03	6.696394551E-02	3.942637318E-05	6.762285586E+01	651004	1026	0.1725
120	919	1.240235375E+03	6.702992343E-02	3.945578162E-05	6.754644324E+01	652244	1026	0.1724
120	920	1.240467922E+03	6.709588238E-02	3.948517450E-05	6.747021465E+01	653484	1027	0.1724
120	921	1.240700252E+03	6.716182236E-02	3.951455184E-05	6.739416941E+01	654725	1027	0.1723
120	922	1.240932363E+03	6.722774337E-02	3.954391365E-05	6.731830679E+01	655965	1027	0.1722
120	923	1.241164255E+03	6.729364540E-02	3.957325995E-05	6.724262611E+01	657207	1028	0.1721
120	924	1.241395927E+03	6.735952846E-02	3.960259075E-05	6.716712667E+01	658448	1028	0.172
120	925	1.241627378E+03	6.742539254E-02	3.963190607E-05	6.709180778E+01	659689	1028	0.1719
120	926	1.241858607E+03	6.749123764E-02	3.966120591E-05	6.701666875E+01	660931	1028	0.1718
120	927	1.242089614E+03	6.755706377E-02	3.969049029E-05	6.694170890E+01	662173	1029	0.1718
120	928	1.242320398E+03	6.762287092E-02	3.971975923E-05	6.686692754E+01	663415	1029	0.1717
120	929	1.242550957E+03	6.768865909E-02	3.974901275E-05	6.679232401E+01	664658	1029	0.1716
120	930	1.242781292E+03	6.775442828E-02	3.977825084E-05	6.671789763E+01	665900	1030	0.1715
120	931	1.243011401E+03	6.782017849E-02	3.980747354E-05	6.664364773E+01	667143	1030	0.1714
120	932	1.243241284E+03	6.788590973E-02	3.983668085E-05	6.656957365E+01	668386	1030	0.1713
120	933	1.243470940E+03	6.795162198E-02	3.986587279E-05	6.649567471E+01	669630	1031	0.1713
120	934	1.243700368E+03	6.801731526E-02	3.989504937E-05	6.642195028E+01	670873	1031	0.1712
120	935	1.243929568E+03	6.808298956E-02	3.992421061E-05	6.634839968E+01	672117	1031	0.1711
120	936	1.244158538E+03	6.814864489E-02	3.995335652E-05	6.627502227E+01	673361	1031	0.171
120	937	1.244387279E+03	6.821428123E-02	3.998248712E-05	6.620181740E+01	674605	1032	0.1709
120	938	1.244615789E+03	6.827989860E-02	4.001160242E-05	6.612878443E+01	675850	1032	0.1709
120	939	1.244844069E+03	6.834549700E-02	4.004070243E-05	6.605592271E+01	677095	1032	0.1708
120	940	1.245072116E+03	6.841107642E-02	4.006978718E-05	6.598323161E+01	678340	1033	0.1707
120	941	1.245299931E+03	6.847663687E-02	4.009885666E-05	6.591071049E+01	679585	1033	0.1706
120	942	1.245527513E+03	6.854217835E-02	4.012791091E-05	6.583835872E+01	680830	1033	0.1705
120	943	1.245754861E+03	6.860770086E-02	4.015694994E-05	6.576617567E+01	682076	1033	0.1704
120	944	1.245981975E+03	6.867320440E-02	4.018597375E-05	6.569416072E+01	683322	1034	0.1704
120	945	1.246208854E+03	6.873868897E-02	4.021498237E-05	6.562231325E+01	684568	1034	0.1703
120	946	1.246435498E+03	6.880415458E-02	4.024397580E-05	6.555063263E+01	685814	1034	0.1702
120	947	1.246661905E+03	6.886960122E-02	4.027295408E-05	6.547911825E+01	687061	1035	0.1701
120	948	1.246888076E+03	6.893502890E-02	4.030191720E-05	6.540776951E+01	688307	1035	0.17
120	949	1.247114010E+03	6.900043763E-02	4.033086518E-05	6.533658579E+01	689554	1035	0.17
120	950	1.247339706E+03	6.906582739E-02	4.035979805E-05	6.526556648E+01	690802	1035	0.1699
120	951	1.247565163E+03	6.913119820E-02	4.038871580E-05	6.519471099E+01	692049	1036	0.1698
120	952	1.247790382E+03	6.919655005E-02	4.041761847E-05	6.512401871E+01	693297	1036	0.1697
120	953	1.248015361E+03	6.926188295E-02	4.044650607E-05	6.505348904E+01	694545	1036	0.1697
120	954	1.248240101E+03	6.932719691E-02	4.047537860E-05	6.498312141E+01	695793	1037	0.1696
120	955	1.248464600E+03	6.939249192E-02	4.050423609E-05	6.491291520E+01	697041	1037	0.1695
120	956	1.248688858E+03	6.945776798E-02	4.053307855E-05	6.484286984E+01	698290	1037	0.1694
120	957	1.248912875E+03	6.952302511E-02	4.056190600E-05	6.477298475E+01	699539	1037	0.1693
120	958	1.249136650E+03	6.958826330E-02	4.059071845E-05	6.470325933E+01	700788	1038	0.1693
120	959	1.249360183E+03	6.965348255E-02	4.061951591E-05	6.463369302E+01	702037	1038	0.1692
120	960	1.249583473E+03	6.971868287E-02	4.064829841E-05	6.456428524E+01	703286	1038	0.1691
120	961	1.249806520E+03	6.978386426E-02	4.067706595E-05	6.449503541E+01	704536	1039	0.169
120	962	1.250029322E+03	6.984902673E-02	4.070581856E-05	6.442594296E+01	705786	1039	0.169
120	963	1.250251881E+03	6.991417028E-02	4.073455625E-05	6.435700733E+01	707036	1039	0.1689
120	964	1.250474195E+03	6.997929491E-02	4.076327903E-05	6.428822796E+01	708286	1039	0.1688
120	965	1.250696265E+03	7.004440062E-02	4.079198692E-05	6.421960428E+01	709537	1040	0.1687
120	966	1.250918088E+03	7.010948742E-02	4.082067994E-05	6.415113573E+01	710788	1040	0.1687
120	967	1.251139666E+03	7.017455532E-02	4.084935809E-05	6.408282177E+01	712039	1040	0.1686
120	968	1.251360998E+03	7.023960431E-02	4.087802141E-05	6.401466183E+01	713290	1040	0.1685
120	969	1.251582083E+03	7.030463440E-02	4.090666989E-05	6.394665536E+01	714542	1041	0.1684
120	970	1.251802921E+03	7.036964559E-02	4.093530357E-05	6.387880183E+01	715793	1041	0.1684
120	971	1.252023511E+03	7.043463790E-02	4.096392244E-05	6.381110068E+01	717045	1041	0.1683
120	972	1.252243854E+03	7.049961131E-02	4.099252654E-05	6.374355138E+01	718297	1042	0.1682
120	973	1.252463949E+03	7.056456585E-02	4.102111587E-05	6.367615338E+01	719550	1042	0.1682
120	974	1.252683795E+03	7.062950150E-02	4.104969045E-05	6.360890614E+01	720802	1042	0.1681
120	975	1.252903392E+03	7.069441828E-02	4.107825030E-05	6.354180914E+01	722055	1042	0.168
120	976	1.253122740E+03	7.075931619E-02	4.110679544E-05	6.347486185E+01	723308	1043	0.1679
120	977	1.253341839E+03	7.082419523E-02	4.113532587E-05	6.340806373E+01	724561	1043	0.1679
120	978	1.253560688E+03	7.088905541E-02	4.116384161E-05	6.334141426E+01	725815	1043	0.1678
120	979	1.253779287E+03	7.095389674E-02	4.119234269E-05	6.327491291E+01	727068	1043	0.1677
120	980	1.253997635E+03	7.101871921E-02	4.122082911E-05	6.320855917E+01	728322	1044	0.1676
120	981	1.254215732E+03	7.108352284E-02	4.124930089E-05	6.314235251E+01	729576	1044	0.1676
120	982	1.254433578E+03	7.114830763E-02	4.127775805E-05	6.307629243E+01	730831	1044	0.1675
120	983	1.254651173E+03	7.121307358E-02	4.130620061E-05	6.301037840E+01	732085	1045	0.1674
120	984	1.254868516E+03	7.127782070E-02	4.133462857E-05	6.294460993E+01	733340	1045	0.1674
120	985	1.255085607E+03	7.134254899E-02	4.136304196E-05	6.287898649E+01	734595	1045	0.1673
120	986	1.255302446E+03	7.140725846E-02	4.139144080E-05	6.281350758E+01	735850	1045	0.1672
120	987	1.255519033E+03	7.147194911E-02	4.141982509E-05	6.274817271E+01	737106	1046	0.1671
120	988	1.255735367E+03	7.153662096E-02	4.144819485E-05	6.268298137E+01	738361	1046	0.1671
120	989	1.255951447E+03	7.160127400E-02	4.147655011E-05	6.261793305E+01	739617	1046	0.167
120	990	1.256167275E+03	7.166590824E-02	4.150489087E-05	6.255302728E+01	740873	1046	0.1669
120	991	1.256382849E+03	7.173052369E-02	4.153321716E-05	6.248826354E+01	742129	1047	0.1669
120	992	1.256598169E+03	7.179512034E-02	4.156152898E-05	6.242364136E+01	743386	1047	0.1668
120	993	1.256813235E+03	7.185969822E-02	4.158982636E-05	6.235916024E+01	744643	1047	0.1667
120	994	1.257028047E+03	7.192425732E-02	4.161810931E-05	6.229481970E+01	745900	1048	0.1667
120	995	1.257242605E+03	7.198879765E-02	4.164637785E-05	6.223061925E+01	747157	1048	0.1666
120	996	1.257456908E+03	7.205331921E-02	4.167463199E-05	6.216655841E+01	748414	1048	0.1665
120	997	1.257670956E+03	7.211782202E-02	4.170287175E-05	6.210263671E+01	749672	1048	0.1665
120	998	1.257884750E+03	7.218230607E-02	4.173109714E-05	6.203885365E+01	750929	1049	0.1664
120	999	1.258098287E+03	7.224677138E-02	4.175930819E-05	6.197520878E+01	752187	1049	0.1663
120	1000	1.258311570E+03	7.231121795E-02	4.178750491E-05	6.191170162E+01	753446	1049	0.1663
120	1001	1.258524597E+03	7.237564578E-02	4.181568731E-05	6.184833169E+01	754704	1049	0.1662
120	1002	1.258737368E+03	7.244005488E-02	4.184385541E-05	6.178509853E+01	755963	1050	0.1661
120	1003	1.258949883E+03	7.250444527E-02	4.187200923E-05	6.172200167E+01	757221	1050	0.1661
120	1004	1.259162142E+03	7.256881694E-02	4.190014878E-05	6.165904066E+01	758481	1050	0.166
120	1005	1.259374145E+03	7.263316990E-02	4.192827408E-05	6.159621502E+01	759740	1050	0.1659
120	1006	1.259585891E+03	7.269750415E-02	4.195638515E-05	6.153352430E+01	760999	1051	0.1659
120	1007	1.259797381E+03	7.276181972E-02	4.198448200E-05	6.147096804E+01	762259	1051	0.1658
120	1008	1.260008614E+03	7.282611659E-02	4.201256466E-05	6.140854579E+01	763519	1051	0.1657
120	1009	1.260219590E+03	7.289039479E-02	4.204063312E-05	6.134625710E+01	764779	1051	0.1657
120	1010	1.260430310E+03	7.295465431E-02	4.206868742E-05	6.128410150E+01	766039	1052	0.1656
120	1011	1.260640772E+03	7.301889516E-02	4.209672757E-05	6.122207857E+01	767300	1052	0.1655
120	1012	1.260850976E+03	7.308311735E-02	4.212475358E-05	6.116018784E+01	768561	1052	0.1655
120	1013	1.261060924E+03	7.314732089E-02	4.215276547E-05	6.109842888E+01	769822	1052	0.1654
120	1014	1.261270614E+03	7.321150578E-02	4.218076326E-05	6.103680124E+01	771083	1053	0.1653
120	1015	1.261480046E+03	7.327567203E-02	4.220874696E-05	6.097530448E+01	772344	1053	0.1653
120	1016	1.261689220E+03	7.333981964E-02	4.223671659E-05	6.091393817E+01	773606	1053	0.1652
120	1017	1.261898137E+03	7.340394864E-02	4.226467217E-05	6.085270187E+01	774867	1054	0.1651
120	1018	1.262106796E+03	7.346805901E-02	4.229261372E-05	6.079159514E+01	776129	1054	0.1651
120	1019	1.262315197E+03	7.353215077E-02	4.232054124E-05	6.073061755E+01	777392	1054	0.165
120	1020	1.262523339E+03	7.359622393E-02	4.234845476E-05	6.066976868E+01	778654	1054	0.1649
120	1021	1.262731224E+03	7.366027850E-02	4.237635429E-05	6.060904809E+01	779917	1055	0.1649
120	1022	1.262938850E+03	7.372431447E-02	4.240423985E-05	6.054845536E+01	781180	1055	0.1648
120	1023	1.263146218E+03	7.378833187E-02	4.243211146E-05	6.048799006E+01	782443	1055	0.1648
120	1024	1.263353327E+03	7.385233069E-02	4.245996913E-05	6.042765178E+01	783706	1055	0.1647
120	1025	1.263560178E+03	7.391631095E-02	4.248781287E-05	6.036744009E+01	784969	1056	0.1646
120	1026	1.263766771E+03	7.398027264E-02	4.251564272E-05	6.030735457E+01	786233	1056	0.1646
120	1027	1.263973105E+03	7.404421579E-02	4.254345867E-05	6.024739481E+01	787497	1056	0.1645
120	1028	1.264179180E+03	7.410814040E-02	4.257126075E-05	6.018756040E+01	788761	1056	0.1644
120	1029	1.264384997E+03	7.417204647E-02	4.259904898E-05	6.012785091E+01	790025	1057	0.1644
120	1030	1.264590555E+03	7.423593401E-02	4.262682337E-05	6.006826595E+01	791290	1057	0.1643
120	1031	1.264795854E+03	7.429980304E-02	4.265458394E-05	6.000880510E+01	792554	1057	0.1643
120	1032	1.265000894E+03	7.436365355E-02	4.268233070E-05	5.994946795E+01	793819	1057	0.1642
120	1033	1.265205676E+03	7.442748556E-02	4.271006367E-05	5.989025411E+01	795084	1058	0.1641
120	1034	1.265410199E+03	7.449129908E-02	4.273778287E-05	5.983116316E+01	796350	1058	0.1641
120	1035	1.265614462E+03	7.455509411E-02	4.276548831E-05	5.977219471E+01	797615	1058	0.164
120	1036	1.265818467E+03	7.461887066E-02	4.279318002E-05	5.971334835E+01	798881	1058	0.164
120	1037	1.266022213E+03	7.468262874E-02	4.282085800E-05	5.965462370E+01	800147	1059	0.1639
120	1038	1.266225701E+03	7.474636836E-02	4.284852228E-05	5.959602034E+01	801413	1059	0.1638
120	1039	1.266428929E+03	7.481008953E-02	4.287617286E-05	5.953753790E+01	802679	1059	0.1638
120	1040	1.266631898E+03	7.487379225E-02	4.290380978E-05	5.947917597E+01	803946	1059	0.1637
120	1041	1.266834608E+03	7.493747653E-02	4.293143303E-05	5.942093417E+01	805213	1060	0.1637
120	1042	1.267037060E+03	7.500114239E-02	4.295904265E-05	5.936281211E+01	806480	1060	0.1636
120	1043	1.267239252E+03	7.506478982E-02	4.298663864E-05	5.930480939E+01	807747	1060	0.1635
120	1044	1.267441186E+03	7.512841884E-02	4.301422103E-05	5.924692564E+01	809014	1060	0.1635
120	1045	1.267642861E+03	7.519202946E-02	4.304178983E-05	5.918916048E+01	810282	1060	0.1634
120	1046	1.267844276E+03	7.525562169E-02	4.306934505E-05	5.913151351E+01	811549	1061	0.1634
120	1047	1.268045433E+03	7.531919553E-02	4.309688672E-05	5.907398437E+01	812817	1061	0.1633
120	1048	1.268246332E+03	7.538275099E-02	4.312441485E-05	5.901657266E+01	814085	1061	0.1632
120	1049	1.268446971E+03	7.544628808E-02	4.315192945E-05	5.895927802E+01	815354	1061	0.1632
120	1050	1.268647352E+03	7.550980682E-02	4.317943055E-05	5.890210007E+01	816622	1062	0.1631
120	1051	1.268847474E+03	7.557330720E-02	4.320691815E-05	5.884503844E+01	817891	1062	0.1631
120	1052	1.269047337E+03	7.563678924E-02	4.323439228E-05	5.878809275E+01	819160	1062	0.163
120	1053	1.269246941E+03	7.570025295E-02	4.326185296E-05	5.873126263E+01	820429	1062	0.1629
120	1054	1.269446287E+03	7.576369833E-02	4.328930019E-05	5.867454773E+01	821698	1063	0.1629
120	1055	1.269645375E+03	7.582712540E-02	4.331673400E-05	5.861794766E+01	822968	1063	0.1628
120	1056	1.269844204E+03	7.589053417E-02	4.334415441E-05	5.856146206E+01	824238	1063	0.1628
120	1057	1.270042774E+03	7.595392463E-02	4.337156142E-05	5.850509058E+01	825508	1063	0.1627
120	1058	1.270241087E+03	7.601729681E-02	4.339895506E-05	5.844883285E+01	826778	1064	0.1627
120	1059	1.270439140E+03	7.608065070E-02	4.342633534E-05	5.839268850E+01	828048	1064	0.1626
120	1060	1.270636936E+03	7.614398633E-02	4.345370228E-05	5.833665719E+01	829319	1064	0.1625
120	1061	1.270834473E+03	7.620730370E-02	4.348105589E-05	5.828073855E+01	830589	1064	0.1625
120	1062	1.271031753E+03	7.627060281E-02	4.350839620E-05	5.822493222E+01	831860	1065	0.1624
120	1063	1.271228774E+03	7.633388368E-02	4.353572322E-05	5.816923786E+01	833131	1065	0.1624
120	1064	1.271425537E+03	7.639714632E-02	4.356303696E-05	5.811365511E+01	834403	1065	0.1623
120	1065	1.271622043E+03	7.646039073E-02	4.359033744E-05	5.805818362E+01	835674	1065	0.1623
120	1066	1.271818290E+03	7.652361693E-02	4.361762469E-05	5.800282304E+01	836946	1066	0.1622
120	1067	1.272014280E+03	7.658682493E-02	4.364489870E-05	5.794757302E+01	838218	1066	0.1621
120	1068	1.272210013E+03	7.665001473E-02	4.367215951E-05	5.789243322E+01	839490	1066	0.1621
120	1069	1.272405487E+03	7.671318634E-02	4.369940713E-05	5.783740329E+01	840762	1066	0.162
120	1070	1.272600705E+03	7.677633977E-02	4.372664158E-05	5.778248288E+01	842035	1066	0.162
120	1071	1.272795665E+03	7.683947504E-02	4.375386286E-05	5.772767167E+01	843308	1067	0.1619
120	1072	1.272990367E+03	7.690259215E-02	4.378107100E-05	5.767296929E+01	844580	1067	0.1619
120	1073	1.273184813E+03	7.696569111E-02	4.380826602E-05	5.761837543E+01	845854	1067	0.1618
120	1074	1.273379002E+03	7.702877193E-02	4.383544793E-05	5.756388973E+01	847127	1067	0.1618
120	1075	1.273572933E+03	7.709183462E-02	4.386261674E-05	5.750951187E+01	848400	1068	0.1617
120	1076	1.273766608E+03	7.715487920E-02	4.388977249E-05	5.745524151E+01	849674	1068	0.1617
120	1077	1.273960026E+03	7.721790566E-02	4.391691517E-05	5.740107831E+01	850948	1068	0.1616
120	1078	1.274153188E+03	7.728091402E-02	4.394404481E-05	5.734702194E+01	852222	1068	0.1615
120	1079	1.274346093E+03	7.734390429E-02	4.397116142E-05	5.729307208E+01	853496	1069	0.1615
120	1080	1.274538742E+03	7.740687648E-02	4.399826502E-05	5.723922839E+01	854771	1069	0.1614
120	1081	1.274731134E+03	7.746983060E-02	4.402535564E-05	5.718549056E+01	856045	1069	0.1614
120	1082	1.274923271E+03	7.753276666E-02	4.405243327E-05	5.713185824E+01	857320	1069	0.1613
120	1083	1.275115151E+03	7.759568467E-02	4.407949795E-05	5.707833112E+01	858595	1069	0.1613
120	1084	1.275306776E+03	7.765858464E-02	4.410654968E-05	5.702490887E+01	859870	1070	0.1612
120	1085	1.275498145E+03	7.772146657E-02	4.413358848E-05	5.697159117E+01	861146	1070	0.1612
120	1086	1.275689258E+03	7.778433048E-02	4.416061438E-05	5.691837771E+01	862421	1070	0.1611
120	1087	1.275880116E+03	7.784717638E-02	4.418762738E-05	5.686526815E+01	863697	1070	0.1611
120	1088	1.276070719E+03	7.791000428E-02	4.421462750E-05	5.681226219E+01	864973	1071	0.161
120	1089	1.276261067E+03	7.797281419E-02	4.424161477E-05	5.675935951E+01	866249	1071	0.161
120	1090	1.276451159E+03	7.803560611E-02	4.426858919E-05	5.670655979E+01	867526	1071	0.1609
120	1091	1.276640997E+03	7.809838007E-02	4.429555078E-05	5.665386272E+01	868802	1071	0.1609
120	1092	1.276830580E+03	7.816113606E-02	4.432249956E-05	5.660126799E+01	870079	1072	0.1608
120	1093	1.277019908E+03	7.822387410E-02	4.434943554E-05	5.654877528E+01	871356	1072	0.1607
120	1094	1.277208982E+03	7.828659420E-02	4.437635875E-05	5.649638428E+01	872633	1072	0.1607
120	1095	1.277397802E+03	7.834929636E-02	4.440326920E-05	5.644409470E+01	873910	1072	0.1606
120	1096	1.277586367E+03	7.841198061E-02	4.443016690E-05	5.639190621E+01	875188	1072	0.1606
120	1097	1.277774679E+03	7.847464694E-02	4.445705187E-05	5.633981852E+01	876465	1073	0.1605
120	1098	1.277962737E+03	7.853729538E-02	4.448392413E-05	5.628783131E+01	877743	1073	0.1605
120	1099	1.278150541E+03	7.859992592E-02	4.451078369E-05	5.623594429E+01	879021	1073	0.1604
120	1100	1.278338092E+03	7.866253859E-02	4.453763057E-05	5.618415716E+01	880300	1073	0.1604
